      time                phi
         0   5.9208217077e-05
         2   5.9197688339e-05
         4   5.9183308675e-05
         6   5.9165072048e-05
         8   5.9142966199e-05
        10   5.9116972681e-05
        12   5.9087066902e-05
        14   5.9053218185e-05
        16   5.9015389845e-05
        18   5.8973539276e-05
        20   5.8927618067e-05
        22   5.8877572119e-05
        24   5.8823341791e-05
        26   5.8764862058e-05
        28   5.8702062680e-05
        30   5.8634868398e-05
        32   5.8563199132e-05
        34   5.8486970204e-05
        36   5.8406092567e-05
        38   5.8320473049e-05
        40   5.8230014611e-05
        42   5.8134616609e-05
        44   5.8034175074e-05
        46   5.7928582990e-05
        48   5.7817730593e-05
        50   5.7701505665e-05
        52   5.7579793836e-05
        54   5.7452478901e-05
        56   5.7319443129e-05
        58   5.7180567580e-05
        60   5.7035732431e-05
        62   5.6884817295e-05
        64   5.6727701553e-05
        66   5.6564264674e-05
        68   5.6394386554e-05
        70   5.6217947837e-05
        72   5.6034830254e-05
        74   5.5844916950e-05
        76   5.5648092817e-05
        78   5.5444244826e-05
        80   5.5233262360e-05
        82   5.5015037542e-05
        84   5.4789465572e-05
        86   5.4556445053e-05
        88   5.4315878321e-05
        90   5.4067671783e-05
        92   5.3811736236e-05
        94   5.3547987208e-05
        96   5.3276345282e-05
        98   5.2996736428e-05
       100   5.2709092338e-05
       102   5.2413350755e-05
       104   5.2109455814e-05
       106   5.1797358373e-05
       108   5.1477016359e-05
       110   5.1148395107e-05
       112   5.0811467716e-05
       114   5.0466215395e-05
       116   5.0112627832e-05
       118   4.9750703555e-05
       120   4.9380450316e-05
       122   4.9001885474e-05
       124   4.8615036398e-05
       126   4.8219940876e-05
       128   4.7816647548e-05
       130   4.7405216349e-05
       132   4.6985718974e-05
       134   4.6558239365e-05
       136   4.6122874224e-05
       138   4.5679733548e-05
       140   4.5228941203e-05
       142   4.4770635520e-05
       144   4.4304969940e-05
       146   4.3832113688e-05
       148   4.3352252504e-05
       150   4.2865589412e-05
       152   4.2372345549e-05
       154   4.1872761053e-05
       156   4.1367096010e-05
       158   4.0855631479e-05
       160   4.0338670583e-05
       162   3.9816539683e-05
       164   3.9289589648e-05
       166   3.8758197201e-05
       168   3.8222766382e-05
       170   3.7683730100e-05
       172   3.7141551800e-05
       174   3.6596727248e-05
       176   3.6049786419e-05
       178   3.5501295516e-05
       180   3.4951859092e-05
       182   3.4402122291e-05
       184   3.3852773186e-05
       186   3.3304545207e-05
       188   3.2758219640e-05
       190   3.2214628160e-05
       192   3.1674655370e-05
       194   3.1139241293e-05
       196   3.0609383747e-05
       198   3.0086140531e-05
       200   2.9570631316e-05
       202   2.9064039132e-05
       204   2.8567611283e-05
       206   2.8082659548e-05
       208   2.7610559461e-05
       210   2.7152748454e-05
       212   2.6710722627e-05
       214   2.6286031901e-05
       216   2.5880273292e-05
       218   2.5495082086e-05
       220   2.5132120686e-05
       222   2.4793065001e-05
       224   2.4479588303e-05
       226   2.4193342605e-05
       228   2.3935937749e-05
       230   2.3708918562e-05
       232   2.3513740630e-05
       234   2.3351745389e-05
       236   2.3224135424e-05
       238   2.3131950975e-05
       240   2.3076048685e-05
       242   2.3057083645e-05
       244   2.3075495643e-05
       246   2.3131500356e-05
       248   2.3225085953e-05
       250   2.3356015265e-05
       252   2.3523833351e-05
       254   2.3727879997e-05
       256   2.3967306405e-05
       258   2.4241095173e-05
       260   2.4548082535e-05
       262   2.4886981861e-05
       264   2.5256407420e-05
       266   2.5654897582e-05
       268   2.6080936758e-05
       270   2.6532975555e-05
       272   2.7009448814e-05
       274   2.7508791323e-05
       276   2.8029451170e-05
       278   2.8569900784e-05
       280   2.9128645796e-05
       282   2.9704231914e-05
       284   3.0295250026e-05
       286   3.0900339764e-05
       288   3.1518191766e-05
       290   3.2147548837e-05
       292   3.2787206238e-05
       294   3.3436011256e-05
       296   3.4092862228e-05
       298   3.4756707154e-05
       280   2.9128645796e-05
       282   2.9704231914e-05
       284   3.0295250026e-05
       286   3.0900339764e-05
       288   3.1518191766e-05
       290   3.2147548837e-05
       292   3.2787206238e-05
       294   3.3436011256e-05
       296   3.4092862228e-05
       298   3.4756707154e-05
       300   3.5426542010e-05
       302   3.6101408851e-05
       304   3.6780393788e-05
       306   3.7462624904e-05
       308   3.8147270140e-05
       310   3.8833535216e-05
       312   3.9520661585e-05
       314   4.0207924465e-05
       316   4.0894630953e-05
       318   4.1580118231e-05
       300   3.5426542010e-05
       302   3.6101408851e-05
       304   3.6780393788e-05
       306   3.7462624904e-05
       308   3.8147270140e-05
       310   3.8833535216e-05
       312   3.9520661585e-05
       314   4.0207924465e-05
       316   4.0894630953e-05
       318   4.1580118231e-05
       320   4.2263751873e-05
       322   4.2944924247e-05
       324   4.3623053036e-05
       326   4.4297579838e-05
       328   4.4967968883e-05
       330   4.5633705839e-05
       332   4.6294296705e-05
       334   4.6949266795e-05
       336   4.7598159806e-05
       338   4.8240536957e-05
       320   4.2263751873e-05
       322   4.2944924247e-05
       324   4.3623053036e-05
       326   4.4297579838e-05
       328   4.4967968883e-05
       330   4.5633705839e-05
       332   4.6294296705e-05
       334   4.6949266795e-05
       336   4.7598159806e-05
       338   4.8240536957e-05
       340   4.8875976207e-05
       342   4.9504071533e-05
       344   5.0124432279e-05
       346   5.0736682560e-05
       348   5.1340460718e-05
       350   5.1935418836e-05
       352   5.2521222291e-05
       354   5.3097549355e-05
       356   5.3664090840e-05
       358   5.4220549771e-05
       340   4.8875976207e-05
       342   4.9504071533e-05
       344   5.0124432279e-05
       346   5.0736682560e-05
       348   5.1340460718e-05
       350   5.1935418836e-05
       352   5.2521222291e-05
       354   5.3097549355e-05
       356   5.3664090840e-05
       358   5.4220549771e-05
       360   5.4766641103e-05
       362   5.5302091468e-05
       364   5.5826638945e-05
       366   5.6340032871e-05
       368   5.6842033664e-05
       370   5.7332412681e-05
       372   5.7810952092e-05
       374   5.8277444779e-05
       376   5.8731694248e-05
       378   5.9173514570e-05
       360   5.4766641103e-05
       362   5.5302091468e-05
       364   5.5826638945e-05
       366   5.6340032871e-05
       368   5.6842033664e-05
       370   5.7332412681e-05
       372   5.7810952092e-05
       374   5.8277444779e-05
       376   5.8731694248e-05
       378   5.9173514570e-05
       380   5.9602730328e-05
       382   6.0019176588e-05
       384   6.0422698881e-05
       386   6.0813153202e-05
       388   6.1190406021e-05
       390   6.1554334306e-05
       392   6.1904825562e-05
       394   6.2241777880e-05
       396   6.2565099991e-05
       398   6.2874711347e-05
       380   5.9602730328e-05
       382   6.0019176588e-05
       384   6.0422698881e-05
       386   6.0813153202e-05
       388   6.1190406021e-05
       390   6.1554334306e-05
       392   6.1904825562e-05
       394   6.2241777880e-05
       396   6.2565099991e-05
       398   6.2874711347e-05
       400   6.3170542191e-05
       402   6.3452533657e-05
       404   6.3720637866e-05
       406   6.3974818041e-05
       408   6.4215048621e-05
       410   6.4441315398e-05
       412   6.4653615650e-05
       414   6.4851958289e-05
       416   6.5036364019e-05
       418   6.5206865498e-05
       400   6.3170542191e-05
       402   6.3452533657e-05
       404   6.3720637866e-05
       406   6.3974818041e-05
       408   6.4215048621e-05
       410   6.4441315398e-05
       412   6.4653615650e-05
       414   6.4851958289e-05
       416   6.5036364019e-05
       418   6.5206865498e-05
       420   6.5363507511e-05
       422   6.5506347156e-05
       424   6.5635454025e-05
       426   6.5750910411e-05
       428   6.5852811506e-05
       430   6.5941265621e-05
       432   6.6016394401e-05
       434   6.6078333059e-05
       436   6.6127230612e-05
       438   6.6163250119e-05
       440   6.6186568937e-05
       442   6.6197378976e-05
       444   6.6195886958e-05
       446   6.6182314688e-05
       448   6.6156899326e-05
       450   6.6119893663e-05
       452   6.6071566399e-05
       454   6.6012202428e-05
       456   6.5942103119e-05
       458   6.5861586600e-05
       460   6.5770988037e-05
       462   6.5670659916e-05
       464   6.5560972310e-05
       466   6.5442313147e-05
       468   6.5315088467e-05
       470   6.5179722662e-05
       472   6.5036658701e-05
       474   6.4886358346e-05
       476   6.4729302329e-05
       478   6.4565990517e-05
       480   6.4396942037e-05
       482   6.4222695370e-05
       484   6.4043808399e-05
       486   6.3860858417e-05
       488   6.3674442076e-05
       490   6.3485175280e-05
       492   6.3293693009e-05
       494   6.3100649071e-05
       496   6.2906715780e-05
       498   6.2712583528e-05
       500   6.2518960279e-05
       502   6.2326570950e-05
       504   6.2136156673e-05
       506   6.1948473953e-05
       508   6.1764293677e-05
       510   6.1584400005e-05
       512   6.1409589109e-05
       514   6.1240667769e-05
       516   6.1078451811e-05
       518   6.0923764394e-05
       520   6.0777434139e-05
       522   6.0640293098e-05
       524   6.0513174567e-05
       526   6.0396910751e-05
       528   6.0292330280e-05
       530   6.0200255594e-05
       532   6.0121500200e-05
       534   6.0056865826e-05
       536   6.0007139482e-05
       538   5.9973090455e-05
       540   5.9955467255e-05
       542   5.9954994544e-05
       544   5.9972370076e-05
       546   6.0008261671e-05
       548   6.0063304267e-05
       550   6.0138097067e-05
       552   6.0233200832e-05
       554   6.0349135327e-05
       556   6.0486376975e-05
       558   6.0645356735e-05
       560   6.0826458230e-05
       562   6.1030016150e-05
       564   6.1256314948e-05
       566   6.1505587843e-05
       568   6.1778016147e-05
       570   6.2073728906e-05
       572   6.2392802866e-05
       574   6.2735262768e-05
       576   6.3101081934e-05
       578   6.3490183165e-05
       580   6.3902439907e-05
       582   6.4337677675e-05
       584   6.4795675718e-05
       586   6.5276168877e-05
       588   6.5778849636e-05
       590   6.6303370314e-05
       592   6.6849345385e-05
       594   6.7416353888e-05
       596   6.8003941904e-05
       598   6.8611625073e-05
       600   6.9238891125e-05
       602   6.9885202400e-05
       604   7.0549998346e-05
       606   7.1232697962e-05
       608   7.1932702181e-05
       610   7.2649396180e-05
       612   7.3382151593e-05
       614   7.4130328637e-05
       616   7.4893278130e-05
       618   7.5670343399e-05
       620   7.6460862078e-05
       622   7.7264167798e-05
       624   7.8079591758e-05
       626   7.8906464188e-05
       628   7.9744115702e-05
       630   8.0591878551e-05
       632   8.1449087766e-05
       634   8.2315082212e-05
       636   8.3189205542e-05
       638   8.4070807077e-05
       640   8.4959242588e-05
       642   8.5853875018e-05
       644   8.6754075122e-05
       646   8.7659222052e-05
       648   8.8568703869e-05
       650   8.9481918019e-05
       652   9.0398271737e-05
       654   9.1317182428e-05
       656   9.2238077991e-05
       658   9.3160397115e-05
       660   9.4083589536e-05
       662   9.5007116275e-05
       664   9.5930449840e-05
       666   9.6853074408e-05
       668   9.7774485992e-05
       670   9.8694192588e-05
       672   9.9611714304e-05
       674   1.0052658348e-04
       676   1.0143834479e-04
       678   1.0234655536e-04
       680   1.0325078484e-04
       682   1.0415061550e-04
       684   1.0504564230e-04
       686   1.0593547300e-04
       688   1.0681972817e-04
       690   1.0769804135e-04
       692   1.0857005903e-04
       694   1.0943544081e-04
       696   1.1029385939e-04
       698   1.1114500069e-04
       700   1.1198856393e-04
       702   1.1282426167e-04
       704   1.1365181988e-04
       706   1.1447097806e-04
       708   1.1528148929e-04
       710   1.1608312030e-04
       712   1.1687565157e-04
       714   1.1765887741e-04
       716   1.1843260602e-04
       718   1.1919665962e-04
       720   1.1995087449e-04
       722   1.2069510108e-04
       724   1.2142920410e-04
       726   1.2215306261e-04
       728   1.2286657009e-04
       730   1.2356963457e-04
       732   1.2426217864e-04
       734   1.2494413965e-04
       736   1.2561546969e-04
       738   1.2627613573e-04
       740   1.2692611971e-04
       742   1.2756541859e-04
       744   1.2819404445e-04
       746   1.2881202454e-04
       748   1.2941940137e-04
       750   1.3001623279e-04
       752   1.3060259200e-04
       754   1.3117856765e-04
       756   1.3174426387e-04
       758   1.3229980032e-04
       760   1.3284531219e-04
       762   1.3338095028e-04
       764   1.3390688093e-04
       766   1.3442328613e-04
       768   1.3493036342e-04
       770   1.3542832592e-04
       772   1.3591740228e-04
       774   1.3639783662e-04
       776   1.3686988852e-04
       778   1.3733383288e-04
       780   1.3778995985e-04
       782   1.3823857474e-04
       784   1.3867999787e-04
       786   1.3911456440e-04
       788   1.3954262421e-04
       790   1.3996454165e-04
       792   1.4038069536e-04
       794   1.4079147803e-04
       796   1.4119729613e-04
       798   1.4159856960e-04
       800   1.4199573157e-04
       802   1.4238922798e-04
       804   1.4277951724e-04
       806   1.4316706982e-04
       808   1.4355236778e-04
       810   1.4393590437e-04
       812   1.4431818349e-04
       814   1.4469971919e-04
       816   1.4508103510e-04
       818   1.4546266383e-04
       820   1.4584514638e-04
       822   1.4622903146e-04
       824   1.4661487482e-04
       826   1.4700323852e-04
       828   1.4739469018e-04
       830   1.4778980221e-04
       832   1.4818915100e-04
       834   1.4859331606e-04
       836   1.4900287918e-04
       838   1.4941842355e-04
       840   1.4984053280e-04
       842   1.5026979009e-04
       844   1.5070677715e-04
       846   1.5115207329e-04
       848   1.5160625445e-04
       850   1.5206989213e-04
       852   1.5254355243e-04
       854   1.5302779501e-04
       856   1.5352317206e-04
       858   1.5403022728e-04
       860   1.5454949487e-04
       862   1.5508149851e-04
       864   1.5562675034e-04
       866   1.5618575001e-04
       868   1.5675898366e-04
       870   1.5734692303e-04
       872   1.5795002449e-04
       874   1.5856872817e-04
       876   1.5920345711e-04
       878   1.5985461641e-04
       880   1.6052259249e-04
       882   1.6120775230e-04
       884   1.6191044267e-04
       886   1.6263098968e-04
       888   1.6336969800e-04
       890   1.6412685044e-04
       892   1.6490270741e-04
       894   1.6569750652e-04
       896   1.6651146222e-04
       898   1.6734476550e-04
       900   1.6819758361e-04
       902   1.6907005997e-04
       904   1.6996231393e-04
       906   1.7087444083e-04
       908   1.7180651192e-04
       910   1.7275857446e-04
       912   1.7373065186e-04
       914   1.7472274379e-04
       916   1.7573482652e-04
       918   1.7676685310e-04
       920   1.7781875379e-04
       922   1.7889043638e-04
       924   1.7998178669e-04
       926   1.8109266899e-04
       928   1.8222292656e-04
       930   1.8337238226e-04
       932   1.8454083908e-04
       934   1.8572808081e-04
       936   1.8693387267e-04
       938   1.8815796202e-04
       940   1.8940007906e-04
       942   1.9065993754e-04
       944   1.9193723553e-04
       946   1.9323165618e-04
       948   1.9454286848e-04
       950   1.9587052806e-04
       952   1.9721427797e-04
       954   1.9857374948e-04
       956   1.9994856290e-04
       958   2.0133832834e-04
       960   2.0274264655e-04
       962   2.0416110968e-04
       964   2.0559330209e-04
       966   2.0703880115e-04
       968   2.0849717798e-04
       970   2.0996799827e-04
       972   2.1145082296e-04
       974   2.1294520907e-04
       976   2.1445071038e-04
       978   2.1596687818e-04
       980   2.1749326196e-04
       982   2.1902941012e-04
       984   2.2057487063e-04
       986   2.2212919172e-04
       988   2.2369192250e-04
       990   2.2526261360e-04
       992   2.2684081783e-04
       994   2.2842609072e-04
       996   2.3001799114e-04
       998   2.3161608185e-04
      1000   2.3321993010e-04
      1002   2.3482910810e-04
      1004   2.3644319361e-04
      1006   2.3806177039e-04
      1008   2.3968442874e-04
      1010   2.4131076593e-04
      1012   2.4294038671e-04
      1014   2.4457290372e-04
      1016   2.4620793794e-04
      1018   2.4784511911e-04
      1020   2.4948408611e-04
      1022   2.5112448738e-04
      1024   2.5276598129e-04
      1026   2.5440823649e-04
      1028   2.5605093227e-04
      1030   2.5769375888e-04
      1032   2.5933641789e-04
      1034   2.6097862245e-04
      1036   2.6262009765e-04
      1038   2.6426058074e-04
      1040   2.6589982145e-04
      1042   2.6753758223e-04
      1044   2.6917363850e-04
      1046   2.7080777889e-04
      1048   2.7243980548e-04
      1050   2.7406953397e-04
      1052   2.7569679392e-04
      1054   2.7732142891e-04
      1056   2.7894329675e-04
      1058   2.8056226959e-04
      1060   2.8217823414e-04
      1062   2.8379109172e-04
      1064   2.8540075848e-04
      1066   2.8700716544e-04
      1068   2.8861025862e-04
      1070   2.9020999915e-04
      1072   2.9180636329e-04
      1074   2.9339934253e-04
      1076   2.9498894363e-04
      1078   2.9657518864e-04
      1080   2.9815811495e-04
      1082   2.9973777525e-04
      1084   3.0131423758e-04
      1086   3.0288758524e-04
      1088   3.0445791682e-04
      1090   3.0602534608e-04
      1092   3.0759000194e-04
      1094   3.0915202836e-04
      1096   3.1071158427e-04
      1098   3.1226884342e-04
      1100   3.1382399428e-04
      1102   3.1537723987e-04
      1104   3.1692879761e-04
      1106   3.1847889916e-04
      1108   3.2002779017e-04
      1110   3.2157573010e-04
      1112   3.2312299201e-04
      1114   3.2466986227e-04
      1116   3.2621664031e-04
      1118   3.2776363835e-04
      1120   3.2931118108e-04
      1122   3.3085960538e-04
      1124   3.3240925992e-04
      1126   3.3396050489e-04
      1128   3.3551371156e-04
      1130   3.3706926194e-04
      1132   3.3862754836e-04
      1134   3.4018897304e-04
      1136   3.4175394769e-04
      1138   3.4332289302e-04
      1140   3.4489623830e-04
      1142   3.4647442087e-04
      1144   3.4805788563e-04
      1146   3.4964708455e-04
      1148   3.5124247613e-04
      1150   3.5284452486e-04
      1152   3.5445370070e-04
      1154   3.5607047846e-04
      1156   3.5769533729e-04
      1158   3.5932876004e-04
      1160   3.6097123269e-04
      1162   3.6262324377e-04
      1164   3.6428528370e-04
      1166   3.6595784422e-04
      1168   3.6764141774e-04
      1170   3.6933649672e-04
      1172   3.7104357302e-04
      1174   3.7276313732e-04
      1176   3.7449567841e-04
      1178   3.7624168263e-04
      1180   3.7800163315e-04
      1182   3.7977600944e-04
      1184   3.8156528654e-04
      1186   3.8336993453e-04
      1188   3.8519041783e-04
      1190   3.8702719464e-04
      1192   3.8888071632e-04
      1194   3.9075142681e-04
      1196   3.9263976203e-04
      1198   3.9454614934e-04
      1200   3.9647100694e-04
      1202   3.9841474339e-04
      1204   4.0037775704e-04
      1206   4.0236043553e-04
      1208   4.0436315533e-04
      1210   4.0638628124e-04
      1212   4.0843016594e-04
      1214   4.1049514959e-04
      1216   4.1258155942e-04
      1218   4.1468970931e-04
      1220   4.1681989948e-04
      1222   4.1897241614e-04
      1224   4.2114753115e-04
      1226   4.2334550181e-04
      1228   4.2556657052e-04
      1230   4.2781096461e-04
      1232   4.3007889613e-04
      1234   4.3237056164e-04
      1236   4.3468614212e-04
      1238   4.3702580279e-04
      1240   4.3938969308e-04
      1242   4.4177794652e-04
      1244   4.4419068073e-04
      1246   4.4662799741e-04
      1248   4.4908998236e-04
      1250   4.5157670552e-04
      1252   4.5408822108e-04
      1254   4.5662456751e-04
      1256   4.5918576778e-04
      1258   4.6177182945e-04
      1260   4.6438274485e-04
      1262   4.6701849134e-04
      1264   4.6967903147e-04
      1266   4.7236431326e-04
      1268   4.7507427049e-04
      1270   4.7780882297e-04
      1272   4.8056787685e-04
      1274   4.8335132498e-04
      1276   4.8615904725e-04
      1278   4.8899091096e-04
      1280   4.9184677122e-04
      1282   4.9472647135e-04
      1284   4.9762984328e-04
      1286   5.0055670803e-04
      1288   5.0350687613e-04
      1290   5.0648014808e-04
      1292   5.0947631484e-04
      1294   5.1249515828e-04
      1296   5.1553645172e-04
      1298   5.1859996041e-04
      1300   5.2168544203e-04
      1302   5.2479264722e-04
      1304   5.2792132010e-04
      1306   5.3107119878e-04
      1308   5.3424201595e-04
      1310   5.3743349933e-04
      1312   5.4064537229e-04
      1314   5.4387735434e-04
      1316   5.4712916169e-04
      1318   5.5040050779e-04
      1320   5.5369110385e-04
      1322   5.5700065943e-04
      1324   5.6032888292e-04
      1326   5.6367548213e-04
      1328   5.6704016478e-04
      1330   5.7042263904e-04
      1332   5.7382261407e-04
      1334   5.7723980053e-04
      1336   5.8067391108e-04
      1338   5.8412466090e-04
      1340   5.8759176821e-04
      1342   5.9107495473e-04
      1344   5.9457394617e-04
      1346   5.9808847275e-04
      1348   6.0161826961e-04
      1350   6.0516307731e-04
      1352   6.0872264229e-04
      1354   6.1229671726e-04
      1356   6.1588506170e-04
      1358   6.1948744222e-04
      1360   6.2310363301e-04
      1362   6.2673341624e-04
      1364   6.3037658241e-04
      1366   6.3403293077e-04
      1368   6.3770226966e-04
      1370   6.4138441688e-04
      1372   6.4507920000e-04
      1374   6.4878645672e-04
      1376   6.5250603516e-04
      1378   6.5623779417e-04
      1380   6.5998160364e-04
      1382   6.6373734470e-04
      1384   6.6750491007e-04
      1386   6.7128420426e-04
      1388   6.7507514378e-04
      1390   6.7887765740e-04
      1392   6.8269168633e-04
      1394   6.8651718440e-04
      1396   6.9035411824e-04
      1398   6.9420246745e-04
      1400   6.9806222472e-04
      1402   7.0193339595e-04
      1404   7.0581600039e-04
      1406   7.0971007071e-04
      1408   7.1361565310e-04
      1410   7.1753280729e-04
      1412   7.2146160667e-04
      1414   7.2540213823e-04
      1416   7.2935450267e-04
      1418   7.3331881432e-04
      1420   7.3729520117e-04
      1422   7.4128380481e-04
      1424   7.4528478042e-04
      1426   7.4929829665e-04
      1428   7.5332453560e-04
      1430   7.5736369265e-04
      1432   7.6141597644e-04
      1434   7.6548160864e-04
      1436   7.6956082389e-04
      1438   7.7365386960e-04
      1440   7.7776100577e-04
      1442   7.8188250481e-04
      1444   7.8601865136e-04
      1446   7.9016974201e-04
      1448   7.9433608512e-04
      1450   7.9851800054e-04
      1452   8.0271581936e-04
      1454   8.0692988363e-04
      1456   8.1116054605e-04
      1458   8.1540816969e-04
      1460   8.1967312766e-04
      1462   8.2395580278e-04
      1464   8.2825658723e-04
      1466   8.3257588221e-04
      1468   8.3691409757e-04
      1470   8.4127165142e-04
      1472   8.4564896974e-04
      1474   8.5004648601e-04
      1476   8.5446464077e-04
      1478   8.5890388121e-04
      1480   8.6336466078e-04
      1482   8.6784743869e-04
      1484   8.7235267953e-04
      1486   8.7688085279e-04
      1488   8.8143243241e-04
      1490   8.8600789633e-04
      1492   8.9060772603e-04
      1494   8.9523240603e-04
      1496   8.9988242346e-04
      1498   9.0455826757e-04
      1500   9.0926042922e-04
      1502   9.1398940045e-04
      1504   9.1874567400e-04
      1506   9.2352974277e-04
      1508   9.2834209942e-04
      1510   9.3318323583e-04
      1512   9.3805364267e-04
      1514   9.4295380892e-04
      1516   9.4788422135e-04
      1518   9.5284536416e-04
      1520   9.5783771841e-04
      1522   9.6286176164e-04
      1524   9.6791796740e-04
      1526   9.7300680482e-04
      1528   9.7812873817e-04
      1530   9.8328422644e-04
      1532   9.8847372292e-04
      1534   9.9369767484e-04
      1536   9.9895652290e-04
      1538   1.0042507010e-03
      1540   1.0095806357e-03
      1542   1.0149467461e-03
      1544   1.0203494434e-03
      1546   1.0257891303e-03
      1548   1.0312662011e-03
      1550   1.0367810413e-03
      1552   1.0423340271e-03
      1554   1.0479255253e-03
      1556   1.0535558931e-03
      1558   1.0592254777e-03
      1560   1.0649346163e-03
      1562   1.0706836355e-03
      1564   1.0764728517e-03
      1566   1.0823025703e-03
      1568   1.0881730861e-03
      1570   1.0940846827e-03
      1572   1.1000376329e-03
      1574   1.1060321982e-03
      1576   1.1120686286e-03
      1578   1.1181471631e-03
      1580   1.1242680293e-03
      1582   1.1304314432e-03
      1584   1.1366376097e-03
      1586   1.1428867221e-03
      1588   1.1491789625e-03
      1590   1.1555145018e-03
      1592   1.1618934994e-03
      1594   1.1683161039e-03
      1596   1.1747824526e-03
      1598   1.1812926722e-03
      1600   1.1878468783e-03
      1602   1.1944451763e-03
      1604   1.2010876608e-03
      1606   1.2077744163e-03
      1608   1.2145055174e-03
      1610   1.2212810287e-03
      1612   1.2281010053e-03
      1614   1.2349654930e-03
      1616   1.2418745284e-03
      1618   1.2488281395e-03
      1620   1.2558263457e-03
      1622   1.2628691581e-03
      1624   1.2699565801e-03
      1626   1.2770886075e-03
      1628   1.2842652287e-03
      1630   1.2914864254e-03
      1632   1.2987521729e-03
      1634   1.3060624400e-03
      1636   1.3134171899e-03
      1638   1.3208163806e-03
      1640   1.3282599648e-03
      1642   1.3357478907e-03
      1644   1.3432801023e-03
      1646   1.3508565398e-03
      1648   1.3584771400e-03
      1650   1.3661418368e-03
      1652   1.3738505616e-03
      1654   1.3816032434e-03
      1656   1.3893998099e-03
      1658   1.3972401873e-03
      1660   1.4051243011e-03
      1662   1.4130520763e-03
      1664   1.4210234380e-03
      1666   1.4290383118e-03
      1668   1.4370966242e-03
      1670   1.4451983030e-03
      1672   1.4533432778e-03
      1674   1.4615314805e-03
      1676   1.4697628454e-03
      1678   1.4780373100e-03
      1680   1.4863548153e-03
      1682   1.4947153060e-03
      1684   1.5031187313e-03
      1686   1.5115650448e-03
      1688   1.5200542054e-03
      1690   1.5285861774e-03
      1692   1.5371609310e-03
      1694   1.5457784424e-03
      1696   1.5544386946e-03
      1698   1.5631416775e-03
      1700   1.5718873882e-03
      1702   1.5806758316e-03
      1704   1.5895070205e-03
      1706   1.5983809757e-03
      1708   1.6072977271e-03
      1710   1.6162573132e-03
      1712   1.6252597816e-03
      1714   1.6343051896e-03
      1716   1.6433936041e-03
      1718   1.6525251020e-03
      1720   1.6616997705e-03
      1722   1.6709177070e-03
      1724   1.6801790200e-03
      1726   1.6894838286e-03
      1728   1.6988322629e-03
      1730   1.7082244645e-03
      1732   1.7176605864e-03
      1734   1.7271407929e-03
      1736   1.7366652604e-03
      1738   1.7462341768e-03
      1740   1.7558477421e-03
      1742   1.7655061684e-03
      1744   1.7752096798e-03
      1746   1.7849585127e-03
      1748   1.7947529158e-03
      1750   1.8045931499e-03
      1752   1.8144794883e-03
      1754   1.8244122165e-03
      1756   1.8343916325e-03
      1758   1.8444180464e-03
      1760   1.8544917807e-03
      1762   1.8646131702e-03
      1764   1.8747825618e-03
      1766   1.8850003144e-03
      1768   1.8952667992e-03
      1770   1.9055823990e-03
      1772   1.9159475086e-03
      1774   1.9263625344e-03
      1776   1.9368278944e-03
      1778   1.9473440179e-03
      1780   1.9579113454e-03
      1782   1.9685303287e-03
      1784   1.9792014300e-03
      1786   1.9899251225e-03
      1788   2.0007018897e-03
      1790   2.0115322253e-03
      1792   2.0224166330e-03
      1794   2.0333556262e-03
      1796   2.0443497278e-03
      1798   2.0553994697e-03
      1800   2.0665053929e-03
      1802   2.0776680471e-03
      1804   2.0888879901e-03
      1806   2.1001657879e-03
      1808   2.1115020142e-03
      1810   2.1228972499e-03
      1812   2.1343520833e-03
      1814   2.1458671091e-03
      1816   2.1574429286e-03
      1818   2.1690801491e-03
      1820   2.1807793837e-03
      1822   2.1925412505e-03
      1824   2.2043663730e-03
      1826   2.2162553792e-03
      1828   2.2282089011e-03
      1830   2.2402275749e-03
      1832   2.2523120401e-03
      1834   2.2644629396e-03
      1836   2.2766809189e-03
      1838   2.2889666258e-03
      1840   2.3013207103e-03
      1842   2.3137438240e-03
      1844   2.3262366198e-03
      1846   2.3387997514e-03
      1848   2.3514338733e-03
      1850   2.3641396398e-03
      1852   2.3769177054e-03
      1854   2.3897687239e-03
      1856   2.4026933481e-03
      1858   2.4156922297e-03
      1860   2.4287660189e-03
      1862   2.4419153637e-03
      1864   2.4551409102e-03
      1866   2.4684433017e-03
      1868   2.4818231787e-03
      1870   2.4952811785e-03
      1872   2.5088179348e-03
      1874   2.5224340779e-03
      1876   2.5361302335e-03
      1878   2.5499070234e-03
      1880   2.5637650646e-03
      1882   2.5777049693e-03
      1884   2.5917273447e-03
      1886   2.6058327926e-03
      1888   2.6200219093e-03
      1890   2.6342952853e-03
      1892   2.6486535054e-03
      1894   2.6630971479e-03
      1896   2.6776267853e-03
      1898   2.6922429832e-03
      1900   2.7069463010e-03
      1902   2.7217372912e-03
      1904   2.7366164995e-03
      1906   2.7515844648e-03
      1908   2.7666417187e-03
      1910   2.7817887861e-03
      1912   2.7970261844e-03
      1914   2.8123544240e-03
      1916   2.8277740080e-03
      1918   2.8432854324e-03
      1920   2.8588891857e-03
      1922   2.8745857493e-03
      1924   2.8903755973e-03
      1926   2.9062591967e-03
      1928   2.9222370073e-03
      1930   2.9383094819e-03
      1932   2.9544770662e-03
      1934   2.9707401991e-03
      1936   2.9870993125e-03
      1938   3.0035548319e-03
      1940   3.0201071761e-03
      1942   3.0367567575e-03
      1944   3.0535039822e-03
      1946   3.0703492503e-03
      1948   3.0872929558e-03
      1950   3.1043354873e-03
      1952   3.1214772278e-03
      1954   3.1387185547e-03
      1956   3.1560598406e-03
      1958   3.1735014534e-03
      1960   3.1910437560e-03
      1962   3.2086871074e-03
      1964   3.2264318622e-03
      1966   3.2442783713e-03
      1968   3.2622269821e-03
      1970   3.2802780389e-03
      1972   3.2984318828e-03
      1974   3.3166888525e-03
      1976   3.3350492844e-03
      1978   3.3535135127e-03
      1980   3.3720818701e-03
      1982   3.3907546881e-03
      1984   3.4095322968e-03
      1986   3.4284150259e-03
      1988   3.4474032050e-03
      1990   3.4664971632e-03
      1992   3.4856972305e-03
      1994   3.5050037373e-03
      1996   3.5244170152e-03
      1998   3.5439373974e-03
      2000   3.5635652186e-03
      2002   3.5833008161e-03
      2004   3.6031445293e-03
      2006   3.6230967008e-03
      2008   3.6431576763e-03
      2010   3.6633278052e-03
      2012   3.6836074408e-03
      2014   3.7039969408e-03
      2016   3.7244966676e-03
      2018   3.7451069885e-03
      2020   3.7658282764e-03
      2022   3.7866609097e-03
      2024   3.8076052730e-03
      2026   3.8286617572e-03
      2028   3.8498307602e-03
      2030   3.8711126866e-03
      2032   3.8925079486e-03
      2034   3.9140169660e-03
      2036   3.9356401666e-03
      2038   3.9573779865e-03
      2040   3.9792308705e-03
      2042   4.0011992722e-03
      2044   4.0232836542e-03
      2046   4.0454844886e-03
      2048   4.0678022574e-03
      2050   4.0902374523e-03
      2052   4.1127905752e-03
      2054   4.1354621384e-03
      2056   4.1582526649e-03
      2058   4.1811626885e-03
      2060   4.2041927540e-03
      2062   4.2273434176e-03
      2064   4.2506152466e-03
      2066   4.2740088202e-03
      2068   4.2975247292e-03
      2070   4.3211635764e-03
      2072   4.3449259766e-03
      2074   4.3688125566e-03
      2076   4.3928239557e-03
      2078   4.4169608255e-03
      2080   4.4412238300e-03
      2082   4.4656136460e-03
      2084   4.4901309626e-03
      2086   4.5147764819e-03
      2088   4.5395509184e-03
      2090   4.5644549996e-03
      2092   4.5894894658e-03
      2094   4.6146550698e-03
      2096   4.6399525775e-03
      2098   4.6653827675e-03
      2100   4.6909464311e-03
      2102   4.7166443722e-03
      2104   4.7424774076e-03
      2106   4.7684463666e-03
      2108   4.7945520910e-03
      2110   4.8207954350e-03
      2112   4.8471772654e-03
      2114   4.8736984609e-03
      2116   4.9003599126e-03
      2118   4.9271625236e-03
      2120   4.9541072088e-03
      2122   4.9811948948e-03
      2124   5.0084265199e-03
      2126   5.0358030339e-03
      2128   5.0633253975e-03
      2130   5.0909945828e-03
      2132   5.1188115728e-03
      2134   5.1467773609e-03
      2136   5.1748929512e-03
      2138   5.2031593579e-03
      2140   5.2315776056e-03
      2142   5.2601487283e-03
      2144   5.2888737698e-03
      2146   5.3177537832e-03
      2148   5.3467898307e-03
      2150   5.3759829834e-03
      2152   5.4053343211e-03
      2154   5.4348449316e-03
      2156   5.4645159112e-03
      2158   5.4943483637e-03
      2160   5.5243434005e-03
      2162   5.5545021404e-03
      2164   5.5848257091e-03
      2166   5.6153152390e-03
      2168   5.6459718689e-03
      2170   5.6767967440e-03
      2172   5.7077910150e-03
      2174   5.7389558386e-03
      2176   5.7702923763e-03
      2178   5.8018017952e-03
      2180   5.8334852668e-03
      2182   5.8653439671e-03
      2184   5.8973790763e-03
      2186   5.9295917788e-03
      2188   5.9619832623e-03
      2190   5.9945547180e-03
      2192   6.0273073403e-03
      2194   6.0602423264e-03
      2196   6.0933608761e-03
      2198   6.1266641916e-03
      2200   6.1601534770e-03
      2202   6.1938299386e-03
      2204   6.2276947842e-03
      2206   6.2617492228e-03
      2208   6.2959944649e-03
      2210   6.3304317217e-03
      2212   6.3650622054e-03
      2214   6.3998871285e-03
      2216   6.4349077041e-03
      2218   6.4701251452e-03
      2220   6.5055406652e-03
      2222   6.5411554770e-03
      2224   6.5769707932e-03
      2226   6.6129878261e-03
      2228   6.6492077874e-03
      2230   6.6856318879e-03
      2232   6.7222613375e-03
      2234   6.7590973454e-03
      2236   6.7961411196e-03
      2238   6.8333938667e-03
      2240   6.8708567925e-03
      2242   6.9085311011e-03
      2244   6.9464179956e-03
      2246   6.9845186774e-03
      2248   7.0228343466e-03
      2250   7.0613662017e-03
      2252   7.1001154400e-03
      2254   7.1390832570e-03
      2256   7.1782708470e-03
      2258   7.2176794027e-03
      2260   7.2573101153e-03
      2262   7.2971641748e-03
      2264   7.3372427698e-03
      2266   7.3775470878e-03
      2268   7.4180783148e-03
      2270   7.4588376359e-03
      2272   7.4998262353e-03
      2274   7.5410452962e-03
      2276   7.5824960011e-03
      2278   7.6241795316e-03
      2280   7.6660970693e-03
      2282   7.7082497949e-03
      2284   7.7506388894e-03
      2286   7.7932655336e-03
      2288   7.8361309083e-03
      2290   7.8792361948e-03
      2292   7.9225825750e-03
      2294   7.9661712316e-03
      2296   8.0100033480e-03
      2298   8.0540801091e-03
      2300   8.0984027010e-03
      2302   8.1429723116e-03
      2304   8.1877901307e-03
      2306   8.2328573502e-03
      2308   8.2781751645e-03
      2310   8.3237447706e-03
      2312   8.3695673686e-03
      2314   8.4156441616e-03
      2316   8.4619763566e-03
      2318   8.5085651641e-03
      2320   8.5554117987e-03
      2322   8.6025174797e-03
      2324   8.6498834309e-03
      2326   8.6975108810e-03
      2328   8.7454010643e-03
      2330   8.7935552206e-03
      2332   8.8419745956e-03
      2334   8.8906604413e-03
      2336   8.9396140164e-03
      2338   8.9888365863e-03
      2340   9.0383294238e-03
      2342   9.0880938092e-03
      2344   9.1381310306e-03
      2346   9.1884423844e-03
      2348   9.2390291755e-03
      2350   9.2898927174e-03
      2352   9.3410343331e-03
      2354   9.3924553548e-03
      2356   9.4441571247e-03
      2358   9.4961409948e-03
      2360   9.5484083278e-03
      2362   9.6009604969e-03
      2364   9.6537988865e-03
      2366   9.7069248921e-03
      2368   9.7603399210e-03
      2370   9.8140453922e-03
      2372   9.8680427371e-03
      2374   9.9223333994e-03
      2376   9.9769188356e-03
      2378   1.0031800515e-02
      2380   1.0086979921e-02
      2382   1.0142458549e-02
      2384   1.0198237910e-02
      2386   1.0254319528e-02
      2388   1.0310704941e-02
      2390   1.0367395702e-02
      2392   1.0424393378e-02
      2394   1.0481699553e-02
      2396   1.0539315823e-02
      2398   1.0597243802e-02
      2400   1.0655485118e-02
      2402   1.0714041417e-02
      2404   1.0772914356e-02
      2406   1.0832105614e-02
      2408   1.0891616882e-02
      2410   1.0951449869e-02
      2412   1.1011606300e-02
      2414   1.1072087917e-02
      2416   1.1132896479e-02
      2418   1.1194033760e-02
      2420   1.1255501555e-02
      2422   1.1317301671e-02
      2424   1.1379435936e-02
      2426   1.1441906192e-02
      2428   1.1504714302e-02
      2430   1.1567862144e-02
      2432   1.1631351612e-02
      2434   1.1695184621e-02
      2436   1.1759363101e-02
      2438   1.1823888999e-02
      2440   1.1888764281e-02
      2442   1.1953990930e-02
      2444   1.2019570945e-02
      2446   1.2085506346e-02
      2448   1.2151799166e-02
      2450   1.2218451458e-02
      2452   1.2285465292e-02
      2454   1.2352842754e-02
      2456   1.2420585949e-02
      2458   1.2488696998e-02
      2460   1.2557178038e-02
      2462   1.2626031227e-02
      2464   1.2695258734e-02
      2466   1.2764862750e-02
      2468   1.2834845479e-02
      2470   1.2905209144e-02
      2472   1.2975955983e-02
      2474   1.3047088250e-02
      2476   1.3118608218e-02
      2478   1.3190518172e-02
      2480   1.3262820415e-02
      2482   1.3335517267e-02
      2484   1.3408611061e-02
      2486   1.3482104147e-02
      2488   1.3555998889e-02
      2490   1.3630297669e-02
      2492   1.3705002880e-02
      2494   1.3780116933e-02
      2496   1.3855642252e-02
      2498   1.3931581276e-02
      2500   1.4007936458e-02
      2502   1.4084710265e-02
      2504   1.4161905178e-02
      2506   1.4239523692e-02
      2508   1.4317568316e-02
      2510   1.4396041571e-02
      2512   1.4474945993e-02
      2514   1.4554284129e-02
      2516   1.4634058540e-02
      2518   1.4714271800e-02
      2520   1.4794926494e-02
      2522   1.4876025221e-02
      2524   1.4957570592e-02
      2526   1.5039565229e-02
      2528   1.5122011765e-02
      2530   1.5204912848e-02
      2532   1.5288271133e-02
      2534   1.5372089291e-02
      2536   1.5456370000e-02
      2538   1.5541115952e-02
      2540   1.5626329848e-02
      2542   1.5712014401e-02
      2544   1.5798172334e-02
      2546   1.5884806380e-02
      2548   1.5971919284e-02
      2550   1.6059513800e-02
      2552   1.6147592692e-02
      2554   1.6236158735e-02
      2556   1.6325214713e-02
      2558   1.6414763420e-02
      2560   1.6504807660e-02
      2562   1.6595350247e-02
      2564   1.6686394005e-02
      2566   1.6777941766e-02
      2568   1.6869996373e-02
      2570   1.6962560678e-02
      2572   1.7055637542e-02
      2574   1.7149229836e-02
      2576   1.7243340442e-02
      2578   1.7337972248e-02
      2580   1.7433128153e-02
      2582   1.7528811067e-02
      2584   1.7625023907e-02
      2586   1.7721769602e-02
      2588   1.7819051087e-02
      2590   1.7916871311e-02
      2592   1.8015233229e-02
      2594   1.8114139807e-02
      2596   1.8213594021e-02
      2598   1.8313598856e-02
      2600   1.8414157310e-02
      2602   1.8515272386e-02
      2604   1.8616947101e-02
      2606   1.8719184481e-02
      2608   1.8821987563e-02
      2610   1.8925359393e-02
      2612   1.9029303031e-02
      2614   1.9133821543e-02
      2616   1.9238918011e-02
      2618   1.9344595525e-02
      2620   1.9450857187e-02
      2622   1.9557706112e-02
      2624   1.9665145425e-02
      2626   1.9773178264e-02
      2628   1.9881807779e-02
      2630   1.9991037132e-02
      2632   2.0100869499e-02
      2634   2.0211308067e-02
      2636   2.0322356038e-02
      2638   2.0434016625e-02
      2640   2.0546293058e-02
      2642   2.0659188578e-02
      2644   2.0772706442e-02
      2646   2.0886849920e-02
      2648   2.1001622299e-02
      2650   2.1117026877e-02
      2652   2.1233066972e-02
      2654   2.1349745915e-02
      2656   2.1467067054e-02
      2658   2.1585033751e-02
      2660   2.1703649388e-02
      2662   2.1822917361e-02
      2664   2.1942841085e-02
      2666   2.2063423991e-02
      2668   2.2184669529e-02
      2670   2.2306581167e-02
      2672   2.2429162391e-02
      2674   2.2552416706e-02
      2676   2.2676347635e-02
      2678   2.2800958723e-02
      2680   2.2926253534e-02
      2682   2.3052235649e-02
      2684   2.3178908674e-02
      2686   2.3306276233e-02
      2688   2.3434341972e-02
      2690   2.3563109558e-02
      2692   2.3692582680e-02
      2694   2.3822765049e-02
      2696   2.3953660400e-02
      2698   2.4085272488e-02
      2700   2.4217605092e-02
      2702   2.4350662017e-02
      2704   2.4484447088e-02
      2706   2.4618964156e-02
      2708   2.4754217096e-02
      2710   2.4890209808e-02
      2712   2.5026946216e-02
      2714   2.5164430270e-02
      2716   2.5302665947e-02
      2718   2.5441657246e-02
      2720   2.5581408197e-02
      2722   2.5721922852e-02
      2724   2.5863205292e-02
      2726   2.6005259626e-02
      2728   2.6148089988e-02
      2730   2.6291700540e-02
      2732   2.6436095473e-02
      2734   2.6581279005e-02
      2736   2.6727255382e-02
      2738   2.6874028880e-02
      2740   2.7021603803e-02
      2742   2.7169984483e-02
      2744   2.7319175281e-02
      2746   2.7469180590e-02
      2748   2.7620004831e-02
      2750   2.7771652453e-02
      2752   2.7924127938e-02
      2754   2.8077435797e-02
      2756   2.8231580571e-02
      2758   2.8386566831e-02
      2760   2.8542399180e-02
      2762   2.8699082252e-02
      2764   2.8856620710e-02
      2766   2.9015019251e-02
      2768   2.9174282599e-02
      2770   2.9334415515e-02
      2772   2.9495422786e-02
      2774   2.9657309235e-02
      2776   2.9820079714e-02
      2778   2.9983739107e-02
      2780   3.0148292332e-02
      2782   3.0313744337e-02
      2784   3.0480100102e-02
      2786   3.0647364640e-02
      2788   3.0815542997e-02
      2790   3.0984640249e-02
      2792   3.1154661506e-02
      2794   3.1325611910e-02
      2796   3.1497496636e-02
      2798   3.1670320889e-02
      2800   3.1844089910e-02
      2802   3.2018808969e-02
      2804   3.2194483372e-02
      2806   3.2371118454e-02
      2808   3.2548719586e-02
      2810   3.2727292168e-02
      2812   3.2906841635e-02
      2814   3.3087373454e-02
      2816   3.3268893125e-02
      2818   3.3451406178e-02
      2820   3.3634918179e-02
      2822   3.3819434724e-02
      2824   3.4004961442e-02
      2826   3.4191503996e-02
      2828   3.4379068078e-02
      2830   3.4567659416e-02
      2832   3.4757283768e-02
      2834   3.4947946925e-02
      2836   3.5139654711e-02
      2838   3.5332412980e-02
      2840   3.5526227621e-02
      2842   3.5721104554e-02
      2844   3.5917049730e-02
      2846   3.6114069133e-02
      2848   3.6312168780e-02
      2850   3.6511354719e-02
      2852   3.6711633029e-02
      2854   3.6913009823e-02
      2856   3.7115491244e-02
      2858   3.7319083469e-02
      2860   3.7523792705e-02
      2862   3.7729625191e-02
      2864   3.7936587199e-02
      2866   3.8144685031e-02
      2868   3.8353925023e-02
      2870   3.8564313540e-02
      2872   3.8775856981e-02
      2874   3.8988561776e-02
      2876   3.9202434387e-02
      2878   3.9417481307e-02
      2880   3.9633709060e-02
      2882   3.9851124205e-02
      2884   4.0069733328e-02
      2886   4.0289543051e-02
      2888   4.0510560026e-02
      2890   4.0732790936e-02
      2892   4.0956242498e-02
      2894   4.1180921458e-02
      2896   4.1406834597e-02
      2898   4.1633988726e-02
      2900   4.1862390690e-02
      2902   4.2092047363e-02
      2904   4.2322965653e-02
      2906   4.2555152502e-02
      2908   4.2788614881e-02
      2910   4.3023359796e-02
      2912   4.3259394285e-02
      2914   4.3496725418e-02
      2916   4.3735360299e-02
      2918   4.3975306063e-02
      2920   4.4216569880e-02
      2922   4.4459158952e-02
      2924   4.4703080516e-02
      2926   4.4948341840e-02
      2928   4.5194950227e-02
      2930   4.5442913015e-02
      2932   4.5692237575e-02
      2934   4.5942931311e-02
      2936   4.6195001664e-02
      2938   4.6448456107e-02
      2940   4.6703302150e-02
      2942   4.6959547337e-02
      2944   4.7217199247e-02
      2946   4.7476265495e-02
      2948   4.7736753731e-02
      2950   4.7998671644e-02
      2952   4.8262026955e-02
      2954   4.8526827425e-02
      2956   4.8793080850e-02
      2958   4.9060795062e-02
      2960   4.9329977934e-02
      2962   4.9600637373e-02
      2964   4.9872781327e-02
      2966   5.0146417780e-02
      2968   5.0421554755e-02
      2970   5.0698200316e-02
      2972   5.0976362563e-02
      2974   5.1256049637e-02
      2976   5.1537269721e-02
      2978   5.1820031035e-02
      2980   5.2104341842e-02
      2982   5.2390210443e-02
      2984   5.2677645185e-02
      2986   5.2966654453e-02
      2988   5.3257246674e-02
      2990   5.3549430320e-02
      2992   5.3843213904e-02
      2994   5.4138605982e-02
      2996   5.4435615154e-02
      2998   5.4734250066e-02
      3000   5.5034519405e-02
      3002   5.5336431904e-02
      3004   5.5639996343e-02
      3006   5.5945221544e-02
      3008   5.6252116379e-02
      3010   5.6560689763e-02
      3012   5.6870950659e-02
      3014   5.7182908079e-02
      3016   5.7496571079e-02
      3018   5.7811948766e-02
      3020   5.8129050294e-02
      3022   5.8447884867e-02
      3024   5.8768461737e-02
      3026   5.9090790205e-02
      3028   5.9414879625e-02
      3030   5.9740739399e-02
      3032   6.0068378980e-02
      3034   6.0397807873e-02
      3036   6.0729035635e-02
      3038   6.1062071875e-02
      3040   6.1396926253e-02
      3042   6.1733608484e-02
      3044   6.2072128336e-02
      3046   6.2412495629e-02
      3048   6.2754720239e-02
      3050   6.3098812095e-02
      3052   6.3444781183e-02
      3054   6.3792637542e-02
      3056   6.4142391269e-02
      3058   6.4494052513e-02
      3060   6.4847631485e-02
      3062   6.5203138449e-02
      3064   6.5560583727e-02
      3066   6.5919977699e-02
      3068   6.6281330801e-02
      3070   6.6644653531e-02
      3072   6.7009956443e-02
      3074   6.7377250149e-02
      3076   6.7746545322e-02
      3078   6.8117852695e-02
      3080   6.8491183060e-02
      3082   6.8866547269e-02
      3084   6.9243956235e-02
      3086   6.9623420933e-02
      3088   7.0004952396e-02
      3090   7.0388561723e-02
      3092   7.0774260070e-02
      3094   7.1162058660e-02
      3096   7.1551968773e-02
      3098   7.1944001758e-02
      3100   7.2338169020e-02
      3102   7.2734482033e-02
      3104   7.3132952331e-02
      3106   7.3533591513e-02
      3108   7.3936411242e-02
      3110   7.4341423245e-02
      3112   7.4748639312e-02
      3114   7.5158071301e-02
      3116   7.5569731131e-02
      3118   7.5983630789e-02
      3120   7.6399782327e-02
      3122   7.6818197860e-02
      3124   7.7238889571e-02
      3126   7.7661869709e-02
      3128   7.8087150589e-02
      3130   7.8514744591e-02
      3132   7.8944664162e-02
      3134   7.9376921816e-02
      3136   7.9811530134e-02
      3138   8.0248501764e-02
      3140   8.0687849420e-02
      3142   8.1129585884e-02
      3144   8.1573724007e-02
      3146   8.2020276704e-02
      3148   8.2469256962e-02
      3150   8.2920677832e-02
      3152   8.3374552434e-02
      3154   8.3830893959e-02
      3156   8.4289715663e-02
      3158   8.4751030870e-02
      3160   8.5214852975e-02
      3162   8.5681195441e-02
      3164   8.6150071798e-02
      3166   8.6621495646e-02
      3168   8.7095480654e-02
      3170   8.7572040560e-02
      3172   8.8051189171e-02
      3174   8.8532940362e-02
      3176   8.9017308080e-02
      3178   8.9504306339e-02
      3180   8.9993949224e-02
      3182   9.0486250888e-02
      3184   9.0981225555e-02
      3186   9.1478887518e-02
      3188   9.1979251142e-02
      3190   9.2482330859e-02
      3192   9.2988141172e-02
      3194   9.3496696654e-02
      3196   9.4008011950e-02
      3198   9.4522101774e-02
      3200   9.5038980909e-02
      3202   9.5558664211e-02
      3204   9.6081166604e-02
      3206   9.6606503086e-02
      3208   9.7134688722e-02
      3210   9.7665738651e-02
      3212   9.8199668081e-02
      3214   9.8736492292e-02
      3216   9.9276226635e-02
      3218   9.9818886531e-02
      3220   1.0036448747e-01
      3222   1.0091304503e-01
      3224   1.0146457483e-01
      3226   1.0201909260e-01
      3228   1.0257661409e-01
      3230   1.0313715518e-01
      3232   1.0370073178e-01
      3234   1.0426735988e-01
      3236   1.0483705556e-01
      3238   1.0540983496e-01
      3240   1.0598571429e-01
      3242   1.0656470983e-01
      3244   1.0714683795e-01
      3246   1.0773211507e-01
      3248   1.0832055770e-01
      3250   1.0891218242e-01
      3252   1.0950700587e-01
      3254   1.1010504479e-01
      3256   1.1070631597e-01
      3258   1.1131083628e-01
      3260   1.1191862266e-01
      3262   1.1252969215e-01
      3264   1.1314406183e-01
      3266   1.1376174886e-01
      3268   1.1438277051e-01
      3270   1.1500714407e-01
      3272   1.1563488695e-01
      3274   1.1626601661e-01
      3276   1.1690055060e-01
      3278   1.1753850653e-01
      3280   1.1817990211e-01
      3282   1.1882475509e-01
      3284   1.1947308334e-01
      3286   1.2012490477e-01
      3288   1.2078023738e-01
      3290   1.2143909925e-01
      3292   1.2210150853e-01
      3294   1.2276748345e-01
      3296   1.2343704232e-01
      3298   1.2411020353e-01
      3300   1.2478698554e-01
      3302   1.2546740689e-01
      3304   1.2615148620e-01
      3306   1.2683924217e-01
      3308   1.2753069357e-01
      3310   1.2822585927e-01
      3312   1.2892475819e-01
      3314   1.2962740934e-01
      3316   1.3033383183e-01
      3318   1.3104404483e-01
      3320   1.3175806758e-01
      3322   1.3247591943e-01
      3324   1.3319761978e-01
      3326   1.3392318813e-01
      3328   1.3465264405e-01
      3330   1.3538600720e-01
      3332   1.3612329732e-01
      3334   1.3686453422e-01
      3336   1.3760973781e-01
      3338   1.3835892806e-01
      3340   1.3911212505e-01
      3342   1.3986934891e-01
      3344   1.4063061987e-01
      3346   1.4139595825e-01
      3348   1.4216538443e-01
      3350   1.4293891890e-01
      3352   1.4371658222e-01
      3354   1.4449839502e-01
      3356   1.4528437803e-01
      3358   1.4607455206e-01
      3360   1.4686893800e-01
      3362   1.4766755684e-01
      3364   1.4847042962e-01
      3366   1.4927757750e-01
      3368   1.5008902170e-01
      3370   1.5090478354e-01
      3372   1.5172488441e-01
      3374   1.5254934580e-01
      3376   1.5337818926e-01
      3378   1.5421143646e-01
      3380   1.5504910912e-01
      3382   1.5589122906e-01
      3384   1.5673781819e-01
      3386   1.5758889850e-01
      3388   1.5844449206e-01
      3390   1.5930462103e-01
      3392   1.6016930765e-01
      3394   1.6103857425e-01
      3396   1.6191244323e-01
      3398   1.6279093711e-01
      3400   1.6367407845e-01
      3402   1.6456188993e-01
      3404   1.6545439429e-01
      3406   1.6635161436e-01
      3408   1.6725357307e-01
      3410   1.6816029342e-01
      3412   1.6907179849e-01
      3414   1.6998811146e-01
      3416   1.7090925557e-01
      3418   1.7183525416e-01
      3420   1.7276613066e-01
      3422   1.7370190856e-01
      3424   1.7464261145e-01
      3426   1.7558826300e-01
      3428   1.7653888696e-01
      3430   1.7749450716e-01
      3432   1.7845514752e-01
      3434   1.7942083202e-01
      3436   1.8039158474e-01
      3438   1.8136742985e-01
      3440   1.8234839158e-01
      3442   1.8333449424e-01
      3444   1.8432576222e-01
      3446   1.8532222002e-01
      3448   1.8632389217e-01
      3450   1.8733080332e-01
      3452   1.8834297816e-01
      3454   1.8936044149e-01
      3456   1.9038321818e-01
      3458   1.9141133315e-01
      3460   1.9244481143e-01
      3462   1.9348367811e-01
      3464   1.9452795834e-01
      3466   1.9557767738e-01
      3468   1.9663286053e-01
      3470   1.9769353318e-01
      3472   1.9875972078e-01
      3474   1.9983144887e-01
      3476   2.0090874303e-01
      3478   2.0199162895e-01
      3480   2.0308013235e-01
      3482   2.0417427905e-01
      3484   2.0527409491e-01
      3486   2.0637960588e-01
      3488   2.0749083797e-01
      3490   2.0860781724e-01
      3492   2.0973056984e-01
      3494   2.1085912196e-01
      3496   2.1199349987e-01
      3498   2.1313372988e-01
      3500   2.1427983839e-01
      3502   2.1543185185e-01
      3504   2.1658979674e-01
      3506   2.1775369964e-01
      3508   2.1892358716e-01
      3510   2.2009948598e-01
      3512   2.2128142282e-01
      3514   2.2246942448e-01
      3516   2.2366351778e-01
      3518   2.2486372961e-01
      3520   2.2607008690e-01
      3522   2.2728261665e-01
      3524   2.2850134590e-01
      3526   2.2972630171e-01
      3528   2.3095751122e-01
      3530   2.3219500159e-01
      3532   2.3343880006e-01
      3534   2.3468893386e-01
      3536   2.3594543030e-01
      3538   2.3720831672e-01
      3540   2.3847762049e-01
      3542   2.3975336902e-01
      3544   2.4103558976e-01
      3546   2.4232431019e-01
      3548   2.4361955782e-01
      3550   2.4492136020e-01
      3552   2.4622974490e-01
      3554   2.4754473953e-01
      3556   2.4886637171e-01
      3558   2.5019466911e-01
      3560   2.5152965939e-01
      3562   2.5287137026e-01
      3564   2.5421982944e-01
      3566   2.5557506467e-01
      3568   2.5693710370e-01
      3570   2.5830597432e-01
      3572   2.5968170431e-01
      3574   2.6106432148e-01
      3576   2.6245385362e-01
      3578   2.6385032856e-01
      3580   2.6525377414e-01
      3582   2.6666421818e-01
      3584   2.6808168852e-01
      3586   2.6950621301e-01
      3588   2.7093781947e-01
      3590   2.7237653576e-01
      3592   2.7382238971e-01
      3594   2.7527540915e-01
      3596   2.7673562190e-01
      3598   2.7820305577e-01
      3600   2.7967773858e-01
      3602   2.8115969811e-01
      3604   2.8264896214e-01
      3606   2.8414555843e-01
      3608   2.8564951473e-01
      3610   2.8716085874e-01
      3612   2.8867961817e-01
      3614   2.9020582070e-01
      3616   2.9173949397e-01
      3618   2.9328066559e-01
      3620   2.9482936316e-01
      3622   2.9638561423e-01
      3624   2.9794944632e-01
      3626   2.9952088689e-01
      3628   3.0109996341e-01
      3630   3.0268670326e-01
      3632   3.0428113380e-01
      3634   3.0588328234e-01
      3636   3.0749317614e-01
      3638   3.0911084240e-01
      3640   3.1073630828e-01
      3642   3.1236960088e-01
      3644   3.1401074724e-01
      3646   3.1565977434e-01
      3648   3.1731670909e-01
      3650   3.1898157835e-01
      3652   3.2065440891e-01
      3654   3.2233522747e-01
      3656   3.2402406068e-01
      3658   3.2572093511e-01
      3660   3.2742587723e-01
      3662   3.2913891346e-01
      3664   3.3086007012e-01
      3666   3.3258937345e-01
      3668   3.3432684960e-01
      3670   3.3607252462e-01
      3672   3.3782642449e-01
      3674   3.3958857507e-01
      3676   3.4135900213e-01
      3678   3.4313773134e-01
      3680   3.4492478827e-01
      3682   3.4672019836e-01
      3684   3.4852398696e-01
      3686   3.5033617931e-01
      3688   3.5215680052e-01
      3690   3.5398587560e-01
      3692   3.5582342941e-01
      3694   3.5766948671e-01
      3696   3.5952407212e-01
      3698   3.6138721014e-01
      3700   3.6325892513e-01
      3702   3.6513924130e-01
      3704   3.6702818275e-01
      3706   3.6892577342e-01
      3708   3.7083203710e-01
      3710   3.7274699744e-01
      3712   3.7467067793e-01
      3714   3.7660310191e-01
      3716   3.7854429258e-01
      3718   3.8049427294e-01
      3720   3.8245306586e-01
      3722   3.8442069403e-01
      3724   3.8639717995e-01
      3726   3.8838254599e-01
      3728   3.9037681430e-01
      3730   3.9238000687e-01
      3732   3.9439214550e-01
      3734   3.9641325181e-01
      3736   3.9844334722e-01
      3738   4.0048245296e-01
      3740   4.0253059007e-01
      3742   4.0458777938e-01
      3744   4.0665404152e-01
      3746   4.0872939690e-01
      3748   4.1081386574e-01
      3750   4.1290746804e-01
      3752   4.1501022356e-01
      3754   4.1712215188e-01
      3756   4.1924327231e-01
      3758   4.2137360397e-01
      3760   4.2351316572e-01
      3762   4.2566197620e-01
      3764   4.2782005382e-01
      3766   4.2998741671e-01
      3768   4.3216408280e-01
      3770   4.3435006975e-01
      3772   4.3654539495e-01
      3774   4.3875007556e-01
      3776   4.4096412848e-01
      3778   4.4318757032e-01
      3780   4.4542041745e-01
      3782   4.4766268595e-01
      3784   4.4991439163e-01
      3786   4.5217555004e-01
      3788   4.5444617642e-01
      3790   4.5672628574e-01
      3792   4.5901589268e-01
      3794   4.6131501162e-01
      3796   4.6362365666e-01
      3798   4.6594184158e-01
      3800   4.6826957987e-01
      3802   4.7060688470e-01
      3804   4.7295376895e-01
      3806   4.7531024516e-01
      3808   4.7767632558e-01
      3810   4.8005202210e-01
      3812   4.8243734633e-01
      3814   4.8483230951e-01
      3816   4.8723692258e-01
      3818   4.8965119611e-01
      3820   4.9207514038e-01
      3822   4.9450876527e-01
      3824   4.9695208034e-01
      3826   4.9940509482e-01
      3828   5.0186781754e-01
      3830   5.0434025702e-01
      3832   5.0682242137e-01
      3834   5.0931431838e-01
      3836   5.1181595545e-01
      3838   5.1432733961e-01
      3840   5.1684847752e-01
      3842   5.1937937545e-01
      3844   5.2192003930e-01
      3846   5.2447047458e-01
      3848   5.2703068641e-01
      3850   5.2960067953e-01
      3852   5.3218045826e-01
      3854   5.3477002655e-01
      3856   5.3736938793e-01
      3858   5.3997854552e-01
      3860   5.4259750204e-01
      3862   5.4522625981e-01
      3864   5.4786482072e-01
      3866   5.5051318624e-01
      3868   5.5317135743e-01
      3870   5.5583933491e-01
      3872   5.5851711889e-01
      3874   5.6120470913e-01
      3876   5.6390210499e-01
      3878   5.6660930535e-01
      3880   5.6932630869e-01
      3882   5.7205311302e-01
      3884   5.7478971591e-01
      3886   5.7753611449e-01
      3888   5.8029230545e-01
      3890   5.8305828499e-01
      3892   5.8583404890e-01
      3894   5.8861959246e-01
      3896   5.9141491054e-01
      3898   5.9421999751e-01
      3900   5.9703484728e-01
      3902   5.9985945331e-01
      3904   6.0269380855e-01
      3906   6.0553790553e-01
      3908   6.0839173625e-01
      3910   6.1125529226e-01
      3912   6.1412856462e-01
      3914   6.1701154392e-01
      3916   6.1990422024e-01
      3918   6.2280658320e-01
      3920   6.2571862191e-01
      3922   6.2864032498e-01
      3924   6.3157168057e-01
      3926   6.3451267629e-01
      3928   6.3746329928e-01
      3930   6.4042353619e-01
      3932   6.4339337315e-01
      3934   6.4637279579e-01
      3936   6.4936178924e-01
      3938   6.5236033812e-01
      3940   6.5536842655e-01
      3942   6.5838603812e-01
      3944   6.6141315595e-01
      3946   6.6444976260e-01
      3948   6.6749584014e-01
      3950   6.7055137013e-01
      3952   6.7361633360e-01
      3954   6.7669071108e-01
      3956   6.7977448256e-01
      3958   6.8286762753e-01
      3960   6.8597012494e-01
      3962   6.8908195324e-01
      3964   6.9220309035e-01
      3966   6.9533351365e-01
      3968   6.9847320003e-01
      3970   7.0162212582e-01
      3972   7.0478026685e-01
      3974   7.0794759841e-01
      3976   7.1112409528e-01
      3978   7.1430973169e-01
      3980   7.1750448136e-01
      3982   7.2070831749e-01
      3984   7.2392121272e-01
      3986   7.2714313920e-01
      3988   7.3037406853e-01
      3990   7.3361397178e-01
      3992   7.3686281952e-01
      3994   7.4012058175e-01
      3996   7.4338722798e-01
      3998   7.4666272718e-01
      4000   7.4994704777e-01
      4002   7.5324015768e-01
      4004   7.5654202428e-01
      4006   7.5985261446e-01
      4008   7.6317189452e-01
      4010   7.6649983030e-01
      4012   7.6983638707e-01
      4014   7.7318152959e-01
      4016   7.7653522212e-01
      4018   7.7989742835e-01
      4020   7.8326811150e-01
      4022   7.8664723424e-01
      4024   7.9003475873e-01
      4026   7.9343064661e-01
      4028   7.9683485900e-01
      4030   8.0024735652e-01
      4032   8.0366809925e-01
      4034   8.0709704679e-01
      4036   8.1053415819e-01
      4038   8.1397939204e-01
      4040   8.1743270637e-01
      4042   8.2089405874e-01
      4044   8.2436340619e-01
      4046   8.2784070526e-01
      4048   8.3132591199e-01
      4050   8.3481898192e-01
      4052   8.3831987010e-01
      4054   8.4182853106e-01
      4056   8.4534491887e-01
      4058   8.4886898710e-01
      4060   8.5240068881e-01
      4062   8.5593997659e-01
      4064   8.5948680256e-01
      4066   8.6304111834e-01
      4068   8.6660287507e-01
      4070   8.7017202343e-01
      4072   8.7374851360e-01
      4074   8.7733229532e-01
      4076   8.8092331785e-01
      4078   8.8452152996e-01
      4080   8.8812688000e-01
      4082   8.9173931584e-01
      4084   8.9535878488e-01
      4086   8.9898523408e-01
      4088   9.0261860997e-01
      4090   9.0625885860e-01
      4092   9.0990592559e-01
      4094   9.1355975612e-01
      4096   9.1722029494e-01
      4098   9.2088748635e-01
      4100   9.2456127424e-01
      4102   9.2824160206e-01
      4104   9.3192841285e-01
      4106   9.3562164921e-01
      4108   9.3932125335e-01
      4110   9.4302716706e-01
      4112   9.4673933171e-01
      4114   9.5045768829e-01
      4116   9.5418217738e-01
      4118   9.5791273916e-01
      4120   9.6164931342e-01
      4122   9.6539183959e-01
      4124   9.6914025668e-01
      4126   9.7289450335e-01
      4128   9.7665451788e-01
      4130   9.8042023818e-01
      4132   9.8419160179e-01
      4134   9.8796854591e-01
      4136   9.9175100736e-01
      4138   9.9553892264e-01
      4140   9.9933222789e-01
      4142   1.0031308589e+00
      4144   1.0069347512e+00
      4146   1.0107438398e+00
      4148   1.0145580596e+00
      4150   1.0183773451e+00
      4152   1.0222016305e+00
      4154   1.0260308497e+00
      4156   1.0298649361e+00
      4158   1.0337038232e+00
      4160   1.0375474439e+00
      4162   1.0413957308e+00
      4164   1.0452486165e+00
      4166   1.0491060331e+00
      4168   1.0529679124e+00
      4170   1.0568341860e+00
      4172   1.0607047854e+00
      4174   1.0645796416e+00
      4176   1.0684586855e+00
      4178   1.0723418478e+00
      4180   1.0762290588e+00
      4182   1.0801202487e+00
      4184   1.0840153474e+00
      4186   1.0879142848e+00
      4188   1.0918169904e+00
      4190   1.0957233934e+00
      4192   1.0996334232e+00
      4194   1.1035470085e+00
      4196   1.1074640782e+00
      4198   1.1113845610e+00
      4200   1.1153083853e+00
      4202   1.1192354793e+00
      4204   1.1231657713e+00
      4206   1.1270991892e+00
      4208   1.1310356610e+00
      4210   1.1349751143e+00
      4212   1.1389174768e+00
      4214   1.1428626760e+00
      4216   1.1468106393e+00
      4218   1.1507612941e+00
      4220   1.1547145676e+00
      4222   1.1586703868e+00
      4224   1.1626286789e+00
      4226   1.1665893710e+00
      4228   1.1705523899e+00
      4230   1.1745176625e+00
      4232   1.1784851158e+00
      4234   1.1824546765e+00
      4236   1.1864262715e+00
      4238   1.1903998276e+00
      4240   1.1943752715e+00
      4242   1.1983525301e+00
      4244   1.2023315302e+00
      4246   1.2063121986e+00
      4248   1.2102944622e+00
      4250   1.2142782479e+00
      4252   1.2182634826e+00
      4254   1.2222500934e+00
      4256   1.2262380072e+00
      4258   1.2302271514e+00
      4260   1.2342174531e+00
      4262   1.2382088396e+00
      4264   1.2422012384e+00
      4266   1.2461945771e+00
      4268   1.2501887833e+00
      4270   1.2541837850e+00
      4272   1.2581795099e+00
      4274   1.2621758863e+00
      4276   1.2661728425e+00
      4278   1.2701703069e+00
      4280   1.2741682082e+00
      4282   1.2781664752e+00
      4284   1.2821650370e+00
      4286   1.2861638228e+00
      4288   1.2901627623e+00
      4290   1.2941617851e+00
      4292   1.2981608212e+00
      4294   1.3021598010e+00
      4296   1.3061586549e+00
      4298   1.3101573138e+00
      4300   1.3141557087e+00
      4302   1.3181537713e+00
      4304   1.3221514331e+00
      4306   1.3261486263e+00
      4308   1.3301452833e+00
      4310   1.3341413369e+00
      4312   1.3381367203e+00
      4314   1.3421313669e+00
      4316   1.3461252108e+00
      4318   1.3501181862e+00
      4320   1.3541102280e+00
      4322   1.3581012712e+00
      4324   1.3620912514e+00
      4326   1.3660801049e+00
      4328   1.3700677681e+00
      4330   1.3740541780e+00
      4332   1.3780392722e+00
      4334   1.3820229887e+00
      4336   1.3860052660e+00
      4338   1.3899860432e+00
      4340   1.3939652599e+00
      4342   1.3979428563e+00
      4344   1.4019187732e+00
      4346   1.4058929520e+00
      4348   1.4098653345e+00
      4350   1.4138358633e+00
      4352   1.4178044816e+00
      4354   1.4217711333e+00
      4356   1.4257357629e+00
      4358   1.4296983155e+00
      4360   1.4336587369e+00
      4362   1.4376169738e+00
      4364   1.4415729734e+00
      4366   1.4455266838e+00
      4368   1.4494780536e+00
      4370   1.4534270323e+00
      4372   1.4573735704e+00
      4374   1.4613176188e+00
      4376   1.4652591294e+00
      4378   1.4691980549e+00
      4380   1.4731343489e+00
      4382   1.4770679659e+00
      4384   1.4809988610e+00
      4386   1.4849269904e+00
      4388   1.4888523111e+00
      4390   1.4927747813e+00
      4392   1.4966943597e+00
      4394   1.5006110062e+00
      4396   1.5045246816e+00
      4398   1.5084353478e+00
      4400   1.5123429676e+00
      4402   1.5162475047e+00
      4404   1.5201489241e+00
      4406   1.5240471917e+00
      4408   1.5279422745e+00
      4410   1.5318341404e+00
      4412   1.5357227587e+00
      4414   1.5396080997e+00
      4416   1.5434901348e+00
      4418   1.5473688365e+00
      4420   1.5512441786e+00
      4422   1.5551161361e+00
      4424   1.5589846851e+00
      4426   1.5628498031e+00
      4428   1.5667114685e+00
      4430   1.5705696613e+00
      4432   1.5744243626e+00
      4434   1.5782755550e+00
      4436   1.5821232222e+00
      4438   1.5859673493e+00
      4440   1.5898079229e+00
      4442   1.5936449307e+00
      4444   1.5974783619e+00
      4446   1.6013082074e+00
      4448   1.6051344590e+00
      4450   1.6089571105e+00
      4452   1.6127761568e+00
      4454   1.6165915944e+00
      4456   1.6204034213e+00
      4458   1.6242116371e+00
      4460   1.6280162428e+00
      4462   1.6318172410e+00
      4464   1.6356146362e+00
      4466   1.6394084339e+00
      4468   1.6431986418e+00
      4470   1.6469852690e+00
      4472   1.6507683262e+00
      4474   1.6545478259e+00
      4476   1.6583237823e+00
      4478   1.6620962112e+00
      4480   1.6658651304e+00
      4482   1.6696305593e+00
      4484   1.6733925189e+00
      4486   1.6771510325e+00
      4488   1.6809061247e+00
      4490   1.6846578223e+00
      4492   1.6884061538e+00
      4494   1.6921511497e+00
      4496   1.6958928423e+00
      4498   1.6996312658e+00
      4500   1.7033664565e+00
      4502   1.7070984524e+00
      4504   1.7108272940e+00
      4506   1.7145530232e+00
      4508   1.7182756843e+00
      4510   1.7219953234e+00
      4512   1.7257119890e+00
      4514   1.7294257314e+00
      4516   1.7331366032e+00
      4518   1.7368446589e+00
      4520   1.7405499554e+00
      4522   1.7442525514e+00
      4524   1.7479525082e+00
      4526   1.7516498891e+00
      4528   1.7553447595e+00
      4530   1.7590371873e+00
      4532   1.7627272424e+00
      4534   1.7664149972e+00
      4536   1.7701005262e+00
      4538   1.7737839062e+00
      4540   1.7774652165e+00
      4542   1.7811445387e+00
      4544   1.7848219566e+00
      4546   1.7884975564e+00
      4548   1.7921714270e+00
      4550   1.7958436593e+00
      4552   1.7995143468e+00
      4554   1.8031835855e+00
      4556   1.8068514737e+00
      4558   1.8105181122e+00
      4560   1.8141836044e+00
      4562   1.8178480560e+00
      4564   1.8215115754e+00
      4566   1.8251742733e+00
      4568   1.8288362631e+00
      4570   1.8324976605e+00
      4572   1.8361585841e+00
      4574   1.8398191548e+00
      4576   1.8434794960e+00
      4578   1.8471397338e+00
      4580   1.8507999970e+00
      4582   1.8544604167e+00
      4584   1.8581211268e+00
      4586   1.8617822638e+00
      4588   1.8654439666e+00
      4590   1.8691063767e+00
      4592   1.8727696386e+00
      4594   1.8764338989e+00
      4596   1.8800993072e+00
      4598   1.8837660153e+00
      4600   1.8874341781e+00
      4602   1.8911039525e+00
      4604   1.8947754986e+00
      4606   1.8984489786e+00
      4608   1.9021245576e+00
      4610   1.9058024032e+00
      4612   1.9094826855e+00
      4614   1.9131655770e+00
      4616   1.9168512530e+00
      4618   1.9205398913e+00
      4620   1.9242316721e+00
      4622   1.9279267780e+00
      4624   1.9316253945e+00
      4626   1.9353277091e+00
      4628   1.9390339119e+00
      4630   1.9427441954e+00
      4632   1.9464587547e+00
      4634   1.9501777868e+00
      4636   1.9539014915e+00
      4638   1.9576300708e+00
      4640   1.9613637288e+00
      4642   1.9651026718e+00
      4644   1.9688471085e+00
      4646   1.9725972497e+00
      4648   1.9763533083e+00
      4650   1.9801154992e+00
      4652   1.9838840395e+00
      4654   1.9876591482e+00
      4656   1.9914410462e+00
      4658   1.9952299565e+00
      4660   1.9990261035e+00
      4662   2.0028297136e+00
      4664   2.0066410151e+00
      4666   2.0104602377e+00
      4668   2.0142876128e+00
      4670   2.0181233731e+00
      4672   2.0219677533e+00
      4674   2.0258209887e+00
      4676   2.0296833165e+00
      4678   2.0335549748e+00
      4680   2.0374362030e+00
      4682   2.0413272415e+00
      4684   2.0452283317e+00
      4686   2.0491397156e+00
      4688   2.0530616363e+00
      4690   2.0569943375e+00
      4692   2.0609380634e+00
      4694   2.0648930586e+00
      4696   2.0688595684e+00
      4698   2.0728378380e+00
      4700   2.0768281127e+00
      4702   2.0808306380e+00
      4704   2.0848456595e+00
      4706   2.0888734222e+00
      4708   2.0929141708e+00
      4710   2.0969681495e+00
      4712   2.1010356023e+00
      4714   2.1051167717e+00
      4716   2.1092119001e+00
      4718   2.1133212281e+00
      4720   2.1174449954e+00
      4722   2.1215834407e+00
      4724   2.1257368006e+00
      4726   2.1299053105e+00
      4728   2.1340892035e+00
      4730   2.1382887110e+00
      4732   2.1425040621e+00
      4734   2.1467354837e+00
      4736   2.1509832002e+00
      4738   2.1552474329e+00
      4740   2.1595284005e+00
      4742   2.1638263186e+00
      4744   2.1681413997e+00
      4746   2.1724738523e+00
      4748   2.1768238816e+00
      4750   2.1811916886e+00
      4752   2.1855774708e+00
      4754   2.1899814207e+00
      4756   2.1944037267e+00
      4758   2.1988445725e+00
      4760   2.2033041364e+00
      4762   2.2077825922e+00
      4764   2.2122801076e+00
      4766   2.2167968452e+00
      4768   2.2213329615e+00
      4770   2.2258886069e+00
      4772   2.2304639257e+00
      4774   2.2350590554e+00
      4776   2.2396741266e+00
      4778   2.2443092631e+00
      4780   2.2489645814e+00
      4782   2.2536401901e+00
      4784   2.2583361906e+00
      4786   2.2630526759e+00
      4788   2.2677897307e+00
      4790   2.2725474313e+00
      4792   2.2773258451e+00
      4794   2.2821250302e+00
      4796   2.2869450360e+00
      4798   2.2917859021e+00
      4800   2.2966476579e+00
      4802   2.3015303233e+00
      4804   2.3064339076e+00
      4806   2.3113584093e+00
      4808   2.3163038166e+00
      4810   2.3212701063e+00
      4812   2.3262572439e+00
      4814   2.3312651838e+00
      4816   2.3362938677e+00
      4818   2.3413432260e+00
      4820   2.3464131764e+00
      4822   2.3515036244e+00
      4824   2.3566144627e+00
      4826   2.3617455708e+00
      4828   2.3668968151e+00
      4830   2.3720680488e+00
      4832   2.3772591113e+00
      4834   2.3824698283e+00
      4836   2.3877000112e+00
      4838   2.3929494575e+00
      4840   2.3982179501e+00
      4842   2.4035052577e+00
      4844   2.4088111338e+00
      4846   2.4141353175e+00
      4848   2.4194775324e+00
      4850   2.4248374871e+00
      4852   2.4302148750e+00
      4854   2.4356093742e+00
      4856   2.4410206470e+00
      4858   2.4464483401e+00
      4860   2.4518920843e+00
      4862   2.4573514949e+00
      4864   2.4628261712e+00
      4866   2.4683156965e+00
      4868   2.4738196384e+00
      4870   2.4793375481e+00
      4872   2.4848689607e+00
      4874   2.4904133958e+00
      4876   2.4959703561e+00
      4878   2.5015393290e+00
      4880   2.5071197850e+00
      4882   2.5127111796e+00
      4884   2.5183129515e+00
      4886   2.5239245238e+00
      4888   2.5295453037e+00
      4890   2.5351746826e+00
      4892   2.5408120363e+00
      4894   2.5464567246e+00
      4896   2.5521080925e+00
      4898   2.5577654688e+00
      4900   2.5634281674e+00
      4902   2.5690954873e+00
      4904   2.5747667119e+00
      4906   2.5804411101e+00
      4908   2.5861179365e+00
      4910   2.5917964304e+00
      4912   2.5974758172e+00
      4914   2.6031553081e+00
      4916   2.6088341003e+00
      4918   2.6145113773e+00
      4920   2.6201863091e+00
      4922   2.6258580523e+00
      4924   2.6315257504e+00
      4926   2.6371885341e+00
      4928   2.6428455216e+00
      4930   2.6484958185e+00
      4932   2.6541385190e+00
      4934   2.6597727050e+00
      4936   2.6653974469e+00
      4938   2.6710118038e+00
      4940   2.6766148247e+00
      4942   2.6822055476e+00
      4944   2.6877830006e+00
      4946   2.6933462015e+00
      4948   2.6988941590e+00
      4950   2.7044258730e+00
      4952   2.7099403341e+00
      4954   2.7154365256e+00
      4956   2.7209134220e+00
      4958   2.7263699909e+00
      4960   2.7318051934e+00
      4962   2.7372179839e+00
      4964   2.7426073109e+00
      4966   2.7479721175e+00
      4968   2.7533113423e+00
      4970   2.7586239195e+00
      4972   2.7639087797e+00
      4974   2.7691648507e+00
      4976   2.7743910572e+00
      4978   2.7795863232e+00
